name,relativePublishTimeDescription,rating,text,originalText,authorAttribution,publishTime,flagContentUri,googleMapsUri
places/ChIJc0OGMwoZ2jERDKgZE1sdjrA/reviews/ChdDSUhNMG9nS0VJQ0FnTUNJbXJ2VHBBRRAB,a month ago,4,"{'text': ""This is a great place to come to stay the evening for happy hour.\nYou'll find plenty of places offering beers for around $3++ and pints for $6++.\nThere a great view of Marina Bay from most of the places.\nIt's fairly quiet most of the day and doesn't really come to life until the evening."", 'languageCode': 'en'}","{'text': ""This is a great place to come to stay the evening for happy hour.\nYou'll find plenty of places offering beers for around $3++ and pints for $6++.\nThere a great view of Marina Bay from most of the places.\nIt's fairly quiet most of the day and doesn't really come to life until the evening."", 'languageCode': 'en'}","{'displayName': 'Steve', 'uri': 'https://www.google.com/maps/contrib/110825053505813989815/reviews', 'photoUri': 'https://lh3.googleusercontent.com/a/ACg8ocLmLwOvCtjkeWmV3g5BWPUIjfABuP3H6UG5AfrBexmaTGFPEQ=s128-c0x00000000-cc-rp-mo-ba5'}",2025-04-01T07:52:47.998596Z,https://www.google.com/local/review/rap/report?postId=ChdDSUhNMG9nS0VJQ0FnTUNJbXJ2VHBBRRAB&d=17924085&t=1,https://www.google.com/maps/reviews/data=!4m6!14m5!1m4!2m3!1sChdDSUhNMG9nS0VJQ0FnTUNJbXJ2VHBBRRAB!2m1!1s0x31da190a33864373:0xb08e1d5b1319a80c
places/ChIJc0OGMwoZ2jERDKgZE1sdjrA/reviews/ChdDSUhNMG9nS0VJQ0FnTURJOWNfTC1RRRAB,a month ago,5,"{'text': 'Wonderful area to walk or hang out with beautiful view of the river especially at night. Full of restaurants and bars. Can be peaceful or get rowdy at time depend on the time of day. Better than Clarke Quay in my opinion.', 'languageCode': 'en'}","{'text': 'Wonderful area to walk or hang out with beautiful view of the river especially at night. Full of restaurants and bars. Can be peaceful or get rowdy at time depend on the time of day. Better than Clarke Quay in my opinion.', 'languageCode': 'en'}","{'displayName': 'Prakit', 'uri': 'https://www.google.com/maps/contrib/116579358534516969044/reviews', 'photoUri': 'https://lh3.googleusercontent.com/a-/ALV-UjXEzsVGd9TLoYMaJ9XEJZ5NNnfCzhpHdf-MhxANi-4KCFnZQtz9Kg=s128-c0x00000000-cc-rp-mo-ba6'}",2025-04-12T01:40:36.599842Z,https://www.google.com/local/review/rap/report?postId=ChdDSUhNMG9nS0VJQ0FnTURJOWNfTC1RRRAB&d=17924085&t=1,https://www.google.com/maps/reviews/data=!4m6!14m5!1m4!2m3!1sChdDSUhNMG9nS0VJQ0FnTURJOWNfTC1RRRAB!2m1!1s0x31da190a33864373:0xb08e1d5b1319a80c
places/ChIJc0OGMwoZ2jERDKgZE1sdjrA/reviews/ChZDSUhNMG9nS0VJQ0FnTURJblB2YlJ3EAE,a month ago,5,"{'text': 'Yes visit for food.  Generally a decent breeze along the water.  Excellent late night people watching.', 'languageCode': 'en'}","{'text': 'Yes visit for food.  Generally a decent breeze along the water.  Excellent late night people watching.', 'languageCode': 'en'}","{'displayName': 'Brian Wilson', 'uri': 'https://www.google.com/maps/contrib/109887605856235571433/reviews', 'photoUri': 'https://lh3.googleusercontent.com/a-/ALV-UjWRkVNMa5M67DM3Q4hbX5uLbG7JWsTwrXcESal-s0-c2-BJrB5f=s128-c0x00000000-cc-rp-mo-ba5'}",2025-04-08T03:41:59.335706Z,https://www.google.com/local/review/rap/report?postId=ChZDSUhNMG9nS0VJQ0FnTURJblB2YlJ3EAE&d=17924085&t=1,https://www.google.com/maps/reviews/data=!4m6!14m5!1m4!2m3!1sChZDSUhNMG9nS0VJQ0FnTURJblB2YlJ3EAE!2m1!1s0x31da190a33864373:0xb08e1d5b1319a80c
places/ChIJc0OGMwoZ2jERDKgZE1sdjrA/reviews/ChdDSUhNMG9nS0VJQ0FnSUN2eW9MUjlRRRAB,5 months ago,5,"{'text': 'Boat Quay: A Vibrant Slice of Singapore’s History and Nightlife\n\nBoat Quay is a dynamic destination in Singapore that perfectly blends its historical roots with a buzzing modern vibe. Nestled along the Singapore River, it was once the heart of the city’s trading activity during colonial times. Today, it’s a lively hotspot for dining, nightlife, and cultural exploration, offering something for everyone.\n\nScenic Riverfront Views\n\nOne of the most striking aspects of Boat Quay is its picturesque riverfront location. The stunning backdrop of the Singapore River, with iconic skyscrapers towering in the distance, creates a beautiful contrast between heritage and modernity. Whether you’re enjoying a leisurely stroll or dining al fresco, the views are captivating, especially as the city lights reflect off the water in the evening.\n\nDining Heaven\n\nBoat Quay is a culinary paradise, offering a wide range of dining options to suit every palate. The area is home to an array of restaurants, serving everything from local Singaporean dishes to international cuisines like Italian, Japanese, and Indian.\n\nSeafood lovers will especially enjoy the fresh offerings, with popular dishes like chili crab and black pepper crab being must-tries. For those seeking a more casual experience, the bars and pubs along the quay serve up delicious finger food and refreshing beverages, perfect for unwinding after a long day.\n\nLively Nightlife\n\nAs the sun sets, Boat Quay transforms into one of Singapore’s most vibrant nightlife districts. The riverside is lined with bars, clubs, and lounges, each offering its unique vibe. From live music and DJ sets to cozy rooftop bars with panoramic views, Boat Quay has it all. It’s a favorite spot for both locals and tourists looking to experience Singapore’s lively social scene.\n\nCultural and Historical Significance\n\nBeyond its modern appeal, Boat Quay has a rich historical significance. It was once a bustling hub for trade and commerce, where goods were transported via bumboats along the river. The preserved shophouses that now house trendy establishments are a nod to its past, maintaining the charm of Singapore’s colonial heritage. Visitors can also explore nearby historical landmarks, such as the Asian Civilisations Museum and the iconic Fullerton Hotel.\n\nAccessibility and Connectivity\n\nBoat Quay is conveniently located in the heart of Singapore, making it easily accessible by public transport. It’s just a short walk from MRT stations like Raffles Place and Clarke Quay. The area’s connectivity also makes it an excellent starting point for exploring other nearby attractions, such as Marina Bay Sands or Chinatown.\n\nAtmosphere\n\nWhat sets Boat Quay apart is its lively and welcoming atmosphere. The mix of locals, expats, and tourists creates an energetic yet laid-back vibe that’s hard to resist. Whether you’re looking to enjoy a quiet meal by the river or dance the night away, Boat Quay offers an experience tailored to your mood.\n\nTips for Visitors\n•\tBest Time to Visit: Evening is the best time to enjoy the vibrant nightlife and stunning riverfront views.\n•\tDining Reservations: Popular restaurants can get busy, so it’s a good idea to book ahead, especially on weekends.\n•\tDress Code: Casual is acceptable for most places, but some upscale venues may require smart casual attire.\n•\tRiver Cruises: Consider taking a bumboat cruise from Boat Quay to see the Singapore River and its landmarks from a unique perspective.\n\nFinal Thoughts\n\nBoat Quay is a must-visit destination in Singapore that offers the perfect mix of history, dining, and entertainment. Whether you’re a foodie, history buff, or someone looking to enjoy the city’s nightlife, Boat Quay has something special in store for you. Its vibrant energy, stunning views, and diverse offerings make it an unforgettable experience for locals and tourists alike.', 'languageCode': 'en'}","{'text': 'Boat Quay: A Vibrant Slice of Singapore’s History and Nightlife\n\nBoat Quay is a dynamic destination in Singapore that perfectly blends its historical roots with a buzzing modern vibe. Nestled along the Singapore River, it was once the heart of the city’s trading activity during colonial times. Today, it’s a lively hotspot for dining, nightlife, and cultural exploration, offering something for everyone.\n\nScenic Riverfront Views\n\nOne of the most striking aspects of Boat Quay is its picturesque riverfront location. The stunning backdrop of the Singapore River, with iconic skyscrapers towering in the distance, creates a beautiful contrast between heritage and modernity. Whether you’re enjoying a leisurely stroll or dining al fresco, the views are captivating, especially as the city lights reflect off the water in the evening.\n\nDining Heaven\n\nBoat Quay is a culinary paradise, offering a wide range of dining options to suit every palate. The area is home to an array of restaurants, serving everything from local Singaporean dishes to international cuisines like Italian, Japanese, and Indian.\n\nSeafood lovers will especially enjoy the fresh offerings, with popular dishes like chili crab and black pepper crab being must-tries. For those seeking a more casual experience, the bars and pubs along the quay serve up delicious finger food and refreshing beverages, perfect for unwinding after a long day.\n\nLively Nightlife\n\nAs the sun sets, Boat Quay transforms into one of Singapore’s most vibrant nightlife districts. The riverside is lined with bars, clubs, and lounges, each offering its unique vibe. From live music and DJ sets to cozy rooftop bars with panoramic views, Boat Quay has it all. It’s a favorite spot for both locals and tourists looking to experience Singapore’s lively social scene.\n\nCultural and Historical Significance\n\nBeyond its modern appeal, Boat Quay has a rich historical significance. It was once a bustling hub for trade and commerce, where goods were transported via bumboats along the river. The preserved shophouses that now house trendy establishments are a nod to its past, maintaining the charm of Singapore’s colonial heritage. Visitors can also explore nearby historical landmarks, such as the Asian Civilisations Museum and the iconic Fullerton Hotel.\n\nAccessibility and Connectivity\n\nBoat Quay is conveniently located in the heart of Singapore, making it easily accessible by public transport. It’s just a short walk from MRT stations like Raffles Place and Clarke Quay. The area’s connectivity also makes it an excellent starting point for exploring other nearby attractions, such as Marina Bay Sands or Chinatown.\n\nAtmosphere\n\nWhat sets Boat Quay apart is its lively and welcoming atmosphere. The mix of locals, expats, and tourists creates an energetic yet laid-back vibe that’s hard to resist. Whether you’re looking to enjoy a quiet meal by the river or dance the night away, Boat Quay offers an experience tailored to your mood.\n\nTips for Visitors\n•\tBest Time to Visit: Evening is the best time to enjoy the vibrant nightlife and stunning riverfront views.\n•\tDining Reservations: Popular restaurants can get busy, so it’s a good idea to book ahead, especially on weekends.\n•\tDress Code: Casual is acceptable for most places, but some upscale venues may require smart casual attire.\n•\tRiver Cruises: Consider taking a bumboat cruise from Boat Quay to see the Singapore River and its landmarks from a unique perspective.\n\nFinal Thoughts\n\nBoat Quay is a must-visit destination in Singapore that offers the perfect mix of history, dining, and entertainment. Whether you’re a foodie, history buff, or someone looking to enjoy the city’s nightlife, Boat Quay has something special in store for you. Its vibrant energy, stunning views, and diverse offerings make it an unforgettable experience for locals and tourists alike.', 'languageCode': 'en'}","{'displayName': 'CA CS CMA Nikkhil Gupta', 'uri': 'https://www.google.com/maps/contrib/114133375709757228432/reviews', 'photoUri': 'https://lh3.googleusercontent.com/a-/ALV-UjXXtsJDtBX63i-LOo12w6Y_GSKCipBAA9gbc-svpLildAo2l__Z=s128-c0x00000000-cc-rp-mo-ba6'}",2024-12-09T23:13:54.841150Z,https://www.google.com/local/review/rap/report?postId=ChdDSUhNMG9nS0VJQ0FnSUN2eW9MUjlRRRAB&d=17924085&t=1,https://www.google.com/maps/reviews/data=!4m6!14m5!1m4!2m3!1sChdDSUhNMG9nS0VJQ0FnSUN2eW9MUjlRRRAB!2m1!1s0x31da190a33864373:0xb08e1d5b1319a80c
places/ChIJc0OGMwoZ2jERDKgZE1sdjrA/reviews/ChZDSUhNMG9nS0VJQ0FnTURBX3QtcFh3EAE,3 months ago,5,"{'text': 'There’s a lot of great restaurants and pubs in this historic area. Prices are low for the high quality of food and service. Great views of the river and surrounding area.', 'languageCode': 'en'}","{'text': 'There’s a lot of great restaurants and pubs in this historic area. Prices are low for the high quality of food and service. Great views of the river and surrounding area.', 'languageCode': 'en'}","{'displayName': '1503granrey', 'uri': 'https://www.google.com/maps/contrib/106644219529626483949/reviews', 'photoUri': 'https://lh3.googleusercontent.com/a-/ALV-UjW8UTsGh4JhqbFL5bw7XhbPZc-RSip1vs8AGLGhNDLLHN8GVTxA=s128-c0x00000000-cc-rp-mo-ba4'}",2025-02-09T12:03:33.268551Z,https://www.google.com/local/review/rap/report?postId=ChZDSUhNMG9nS0VJQ0FnTURBX3QtcFh3EAE&d=17924085&t=1,https://www.google.com/maps/reviews/data=!4m6!14m5!1m4!2m3!1sChZDSUhNMG9nS0VJQ0FnTURBX3QtcFh3EAE!2m1!1s0x31da190a33864373:0xb08e1d5b1319a80c
